-1.33049 3.15327 -4.62221,-2.38666 3.73549 -5,-1.46582 3.62094 -4.99064,-1.6079 4.2462 -5,-1.92818 4.24233 -4.51125,-1.33434 3.93344 -5,-1.78634 3.17237 -5,-1.33587 3.86425 -5,-1.50459 3.54311 -5,-1.7778 3.17603 -5,-2.21333 3.43394 -4.90157,-1.38847 3.89628 -5,-1.43149 4.675 -5,-1.1257 3.62939 -4.84765,-1.76674 3.91993 -5,-1.20815 3.85986 -4.88532,-1.07457 4.19913 -4.85841,-1.5268 3.61249 -5,-1.25111 3.86699 -5,-1.8052 4.21587 -4.68197,-1.02905 3.29348 -5,-1.04292 4.05699 -4.75788,-1.52843 3.98825 -5,-1.64367 3.62448 -5,-1.99757 4.11938 -4.76722,-1.63894 3.64507 -5,-1.56673 3.51075 -5,-1.61881 3.28668 -5,-1.77218 3.64625 -5,-2.1851 3.8848 -5,-1.53697 3.97753 -5,-1.44595 3.73893 -5,-1.40007 3.33768 -4.94996,-1.94702 4.25641 -5,-1.66387 3.95168 -5,-2.03206 3.95395 -4.77817,-1.65687 3.99604 -5,-2.05005 4.10759 -5,-1.279 3.81274 -5,-1.12496 3.44399 -4.8168,-1.9095 3.27528 -4.99008,-1.9416 3.1344 -5,-2.06824 3.46464 -5,-1.48377 3.47721 -5,-1.54647 3.83925 -4.9744,-1.74376 3.36517 -4.97665,-1.6515 3.70345 -4.68237,-1.76338 3.43875 -5,-1.14714 3.61312 -5,-1.90969 3.33279 -5,-1.66517 3.5506 -4.6654,-1.54745 4.05808 -5,-1.39385 3.91102 -5,-2.05292 4.01466 -5,-1.40626 3.64639 -5,-1.52415 3.81535 -4.94194,-1.61618 3.5928 -5,-1.39511 3.64129 -4.74708,-1.43695 3.61383 -5,-1.48868 3.59338 -5,-1.50041 3.7575 -5,-1.72547 4.06764 -5,-2.07737 4.49688 -5,-1.2776 3.57264 -4.63861,-1.8792 3.27147 -5,-2.20473 3.35789 -4.87685,-1.88102 3.26083 -5,-2.32197 3.44499 -4.9827,-1.91493 3.80265 -4.78335,-1.66942 3.70701 -4.76747,-1.5685 3.58425 -5,-1.63217 3.53867 -5,-1.66792 3.78663 -4.87077,-1.0433 3.33724 -5,-1.45372 3.6592 -4.68602,-1.37226 4.01421 -4.39922,-2.12112 3.93225 -5,-1.4292 4.21342 -5,-1.81557 3.31344 -4.30674,-2.29255 4.24608 -5,-1.63881 4.02825 -5,-1.33472 3.81409 -5,-1.57542 4.00233 -5,-1.84973 4.00459 -5,-1.84711 3.6947 -5,-1.96205 3.77737 -5,-1.52705 3.71772 -5,-1.93578 3.68689 -4.80938,-1.59982 4.02554 -5,-1.55309 3.847 -5,-2.20122 3.96783 -4.71794,-1.85708 3.6699 -5,-1.43408 3.7605 -4.83441,-2.01392 3.92554 -4.84047,-1.73183 4.12918 -5,-1.50609 3.80899 -4.74494,-2.87935 4.12355 -4.74677,-2.18316 3.73066 -5,-1.97441 3.78769 -4.6986,-1.48935 3.68416 -5,-1.50805 3.99735 -5,-2.10083 4.14153 -4.52245,-1.75179 3.57902 -4.45028,-2.2078 3.92206 -5,-1.60389 3.45962 -5,-1.53893 3.57286 -4.73116,-1.91076 4.31102 -4.60823,-1.66354 3.75737 -5,-1.51205 3.5823 -5,-1.94618 3.46685 -5,-2.10272 3.73886 -5,-1.61798 3.63442 -5,-1.98172 3.7836 -5,-1.26819 3.62211 -5,-1.48479 3.89408 -5,-1.33469 3.43181 -4.41445,-1.43526 3.53018 -4.36978,-1.78941 4.20356 -5,-1.84147 3.36638 -4.55114,-1.9102 3.70178 -5,-1.99779 4.03051 -5,-1.2946 3.46729 -5,-1.55052 3.85237 -5,-1.2568 3.67734 -5,-1.57206 4.01326 -5,-2.77051 3.6711 -5,-2.4634 4.47716 -5,-2.3281 3.27647 -5,-2.10464 3.91224 -5,-1.63717 3.74255 -5,-2.01541 3.92191 -4.60908,-1.40879 3.49344 -5,-1.3896 3.67787 -4.63487,-1.97452 3.76685 -5,-1.55806 3.33173 -5,-1.43431 3.60583 -5,-1.71262 3.68984 -5,-1.68309 3.37968 -5,-1.23985 3.45515 -5,-1.26825 3.81634 -5,-1.71765 3.33654 -5,-1.35975 3.94861 -5,-1.30355 3.62047 -4.68197,-1.56288 3.60496 -5,-1.31321 3.55137 -5,-1.24736 3.9249 -5,-1.88973 3.78448 -5,-1.29038 3.91104 -5,-1.94475 3.99875 -5,-1.70134 3.53133 -5,-2.02773 4.12543 -4.7305,-1.53642 4.09384 -5,-1.39567 3.49592 -4.61735,-1.31144 3.50039 -5,-1.55414 3.6232 -5,-2.18673 4.28644 -5,-1.28934 3.9148 -5,-1.93801 3.65518 -5,-2.34491 3.34774 -5,-1.96858 3.80842 -5,-2.27313 3.71571 -5,-2.30211 4.42463 -5,-1.84838 4.51919 -4.71094,-1.81824 4.16591 -4.57185,-1.5739 4.00316 -5,-1.76511 3.58886 -5,-1.82399 4.10935 -4.74213,-1.3269 3.39581 -5,-1.19687 3.60775 -5,-1.92342 3.53182 -4.58388,-1.44994 3.9477 -5,-1.43443 3.54328 -4.41863,-2.48444 4.44947 -5,-2.24593 5 -5,-1.38764 3.83144 -5,-1.29024 3.52822 -5,-1.45318 3.51559 -4.8478,-1.58748 3.65051 -5,-1.39656 3.76538 -5,-1.31063 3.60635 -5,-2.32724 3.43696 -5,-1.54918 3.84852 -5,-1.8211 3.75362 -5,-1.75677 3.69202 -4.56554,-1.7358 4.21042 -5,-1.82536 3.95704 -4.89554,-1.85149 3.53275 -5,-1.34339 3.61971 -4.74138,-1.37627 3.9115 -5,-1.69438 4.15409 -5,-2.30703 3.34871 -5,-1.65183 3.82482 -5,-1.36777 3.97922 -5,-1.38235 3.3192 -4.43081,-1.82613 3.71788 -4.31834,-1.83099 4.06828 -5,-1.62514 4.28615 -5,-1.44807 3.84941 -5,-1.62643 3.15914 -5,-1.58236 3.8218 -5,-1.44829 3.87313 -4.81107,-2.27993 3.59101 -5,-1.8365 3.65737 -4.57582,-1.72905 3.75214 -5,-1.72442 3.62824 -4.73534,-1.59962 3.96692 -4.73338,-1.46863 3.62562 -4.57026,-1.41483 3.23467 -5,-1.29533 3.54415 -5,-1.95786 3.53038 -5,-1.45143 3.82532 -4.86587,-1.98524 4.06504 -5,-1.47448 3.92662 -5,-1.64379 4.25778 -5,-1.47075 3.53408 -4.939,-1.94193 3.80373 -4.90275,-1.59822 3.68043 -5,-2.12093 4.12146 -5,-1.68911 3.48053 -5,-1.6885 3.59033 -5,-1.96917 3.82314 -4.96842,-1.64406 3.52884 -5,-1.40975 3.73479 -5,-1.82313 3.61795 -5,-1.56955 3.57624 -5,-1.84726 3.98812 -5,-1.93815 3.42619 -5,-1.59342 4.12169 -5,-1.4293 3.94655 -4.65495,-2.18985 3.48223 -5,-2.16464 3.48203 -4.59092,-1.64788 3.94376 -5,-1.38138 3.66918 -5,-1.83888 4.11664 -5,-1.16723 3.61854 -5,-2.05804 3.78244 -4.86549,-1.19928 3.50271 -5,-1.48335 3.50345 -4.96427,-1.34555 3.62511 -4.46606,-1.92242 4.66609 -5,-1.62085 3.38794 -5,-1.30057 3.42483 -5,-1.21768 3.41345 -5,-1.73237 3.52431 -4.87104,-1.48399 3.41987 -4.97091,-1.68859 4.38183 -5,-2.19278 4.15857 -5,-1.50559 3.88107 -5,-1.88711 4.63999 -4.61909,-1.1142 3.45547 -5,-1.77361 3.56062 -5,-1.84652 4.0732 -5,-1.55456 3.80562 -5,-1.29765 3.65876 -5,-1.14056 4.12362 -5,-2.15777 3.63667 -4.45411,-1.6584 3.55345 -5,-1.77464 3.32836 -5,-1.49222 3.2234 -5,-1.97517 3.52582 -4.69467,-1.36692 3.85579 -5,-1.73122 3.7203 -5,-1.54483 3.91892 -5,-1.26898 4.06955 -5,-1.81958 4.01461 -4.894,-2.06995 3.79683 -4.84687,-1.37304 3.5521 -5,-1.75257 3.50043 -5,-1.34497 3.77103 -5,-1.11857 4.21058 -5,-2.20064 4.24729 -5,-1.65777 4.3016 -5,-1.58596 3.79335 -5,-1.93075 3.50721 -4.70614,-2.05991 3.9045 -5,-1.57504 4.11067 -5,-1.86398 4.59326 -4.49304,-2.16627 4.12558 -5,-1.38074 3.88388 -5,-1.75579 3.40498 -4.76129,-2.58314 4.04259 -5,-1.65595 4.26282 -5,-1.76108 3.80469 -5,-1.41534 3.82723 -5,-1.68598 4.01916 -5,-1.11751 3.36455 -4.82837,-1.27501 3.89892 -5,-1.57437 3.58321 -5,-1.77942 3.49226 -5,-1.83468 3.78717 -5,-1.67339 3.9878 -5,-1.38607 3.7621 -4.47543,-1.85393 3.95985 -5,-1.01512 3.57246 -5,-1.50448 3.48923 -5,-1.6092 3.42181 -5,-1.70175 3.58948 -5,-1.23806 4.02528 -5,-1.8043 4.23768 -5,-1.87141 3.60267 -4.86435,-1.55978 3.72279 -4.64516,-1.98124 3.7733 -4.55106,-1.52385 3.88525 -5,-2.52063 4.02138 -5,-2.26517 4.35225 -5,-1.7053 3.98812 -4.71243,-1.96712 3.73712 -5,-1.34992 3.70589 -5,-1.78235 4.19182 -5,-1.53878 3.81546 -5,-1.32464 3.21862 -5,-1.57156 4.4169 -5,-1.29176 3.96696 -5,-1.93545 3.70876 -5,-1.13525 4.28095 -5,-1.62577 4.26084 -5,-1.82286 3.62822 -5,-1.67569 3.46333 -5,-1.74683 3.69041 -5,-1.46661 3.71921 -5,-1.93885 3.22464 -4.90893,-1.36497 3.72205 -5,-1.77846 3.9287 -4.41364,-1.62893 4.16546 -4.70249,-1.78319 4.26103 -5,-2.00948 3.93428 -5,-1.54918 3.45686 -5,-1.94675 3.69886 -5,-2.13055 3.56506 -5,-1.55468 3.86556 -4.68,-1.71638 3.18664 -4.86428,-1.77654 3.61954 -5,-1.5529 3.34535 -5,-2.16311 4.03723 -5,-1.88926 4.21601 -4.98867,-1.89862 4.25971 -5,-1.68304 3.84192 -4.76747,-1.30225 3.68169 -5,-1.58635 3.3555 -5,-1.82744 3.71441 -4.41916,-1.19961 4.12885 -5,-1.46635 3.98493 -4.8072,-1.85078 4.02805 -5,-2.12631 3.90586 -4.76138,-1.62843 3.65791 -5,-1.80416 4.15013 -5,-2.18594 3.88793 -5,-1.57105 4.25985 -4.99245,-1.29821 3.42514 -5,-1.46647 3.62944 -5,-1.50167 3.6069 -5,-2.0659 4.28063 -5,-1.90271 3.38047 -5,-1.66378 3.66402 -5,-1.40819 3.63287 -5,-1.8136 4.17934 -4.82831,-1.41541 4.12804 -5,-1.49787 4.2388 -5,-1.92559 4.07243 -5,-1.29744 3.458 -4.56277,-1.73001 3.81464 -5,-1.81301 4.51997 -5,-1.88239 4.04533 -5,-1.97496 3.9155 -5,-1.82229 3.84013 -5,-1.69635 3.98775 -5,-2.18106 3.80111 -5,-1.69162 3.41355 -4.6827,-1.23784 3.59206 -5,-1.61292 3.49485 -5,-1.87377 3.69566 -5,-1.79203 3.19618 -5,-1.45065 3.40443 -5,-1.47 3.67201 -5,-1.86649 3.39507 -5,-1.56603 3.90483 -5,-1.65428 4.04559 -5,-1.91226 3.53037 -4.4267,-2.62514 3.98813 -4.8652,-1.76133 4.27824 -5,-2.08542 3.94653 -4.97274,-1.49812 4.03142 -5,-1.49741 3.87851 -4.71276,-1.45928 3.63166 -5,-1.50569 3.43992 -4.47925,-1.93904 3.74769 -5,-1.56202 3.98524 -5,-1.30641 3.49378 -4.9653,-1.83698 3.96866 -4.87001,-1.74753 3.79937 -5,-1.58284 3.5648 -5,-1.22689 4.11623 -4.79647,-1.82266 3.75321 -5,-1.65704 3.9135 -4.80373,-1.89096 4.14076 -5,-1.62601 4.10955 -5,-1.81135 4.03802 -4.97272,-2.10968 4.41528 -4.99702,-2.41806 3.4703 -5,-1.67293 3.79495 -5,-1.30817 4.80011 -4.64935,-1.49263 3.89902 -4.53025,-1.14318 4.12261 -4.99513,-1.51111 3.7815 -5,-1.36519 3.76934 -5,-1.63868 4.3141 -4.4845,-1.61012 4.39142 -5,-1.72699 3.54206 -5,-2.20541 3.39183 -5,-1.65651 3.54181 -5,-1.24714 3.36068 -4.73394,-1.71523 3.66139 -5,-2.14601 3.68612 -5,-2.34981 4.12832 -5,-1.76502 4.45506 -5,-1.45005 3.38622 -5,-1.14197 4.26748 -4.66424,-1.43062 3.60621 -5,-1.93355 4.19116 -4.88404,-1.59483 3.20693 -4.86387,-1.90045 3.87462 -5,-1.45977 3.48527 -5,-1.61092 3.74544 -5,-1.491 3.89773 -5,-1.3563 4.10079 -5,-1.07841 3.34901 -4.84007,-1.12553 3.6785 -4.94072,-1.68692 4.04242 -5,-1.58177 3.56093 -4.96544,-1.81147 3.93896 -5,-2.32987 3.39459 -4.79158,-1.49795 3.61522 -5,-1.6004 3.86203 -4.8894,-1.34434 4.19055 -4.24579,-1.75771 3.75578 -4.36659,-1.02581 3.78608 -5,-1.21892 3.78708 -5,-1.62463 3.44249 -5,-1.87606 3.90821 -4.37389,-1.09073 3.78391 -5,-1.85888 3.96102 -5,-1.55596 3.78606 -4.98034,-1.61103 3.70448 -5,-2.05733 3.54797 -5,-1.21957 3.68213 -5,-1.67161 3.83603 -5,-1.39619 3.74364 -5,-1.88808 3.23466 -5,-1.54457 3.68412 -5,-2.21225 4.51947 -5,-1.28952 3.89165 -5,-2.18084 4.17259 -5,-1.53345 3.95908 -5,-1.26892 4.10681 -5,-1.81381 3.3552 -4.59659,-1.81087 3.45895 -5,-1.93624 4.04783 -5,-2.01957 4.38899 -5,-1.51903 4.01496 -5,-1.48999 3.69508 -5,-1.94181 3.93764 -5,-1.74948 3.52821 -4.49554,-1.79221 3.72106 -4.79572,-1.50377 4.16668 -5,-1.85597 3.70333 -5,-1.43865 3.67474 -5,-1.64819 3.32685 -5,-1.4476 3.16316 -4.98473,-1.78394 4.04402 -5,-1.65497 4.23126 -5,-2.6094 3.76629 -4.79791,-2.0574 3.7766 -5,-1.54772 4.07567 -5,-1.66653 4.39772 -5,-1.40192 3.88329 -5,-1.67037 4.14107 -5,-1.61891 4.42723 -5,-1.19393 3.92175 -4.99301,-1.46194 4.23296 -5,-2.02592 4.41252 -5,-2.08408 3.78893 -5,-1.77916 3.33887 -5,-1.57492 3.57582 -5,-1.9358 3.74389 -4.66061,-1.74692 3.55806 -5,-1.99595 3.57373 -5,-1.9573 4.25147 -5,-1.82586 3.77264 -5,-1.4306 3.43742 -5,-2.09859 3.82188 -5,-1.7306 3.75097 -5,-1.86544 3.36789 -4.54781,-1.15548 3.60051 -4.72662,-1.53411 3.55461 -5,-2.47514 3.74017 -4.99593,-1.81926 3.83178 -5,-1.79563 3.336 -4.815,-2.62492 4.02823 -5,-1.44381 3.41772 -5,-1.72908 3.19828 -5,-1.42567 3.56428 -5,-2.01631 3.55745 -5,-1.72458 3.7522 -4.59912,-1.66017 4.14184 -5,-2.25848 4.24504 -5,-2.21322 4.39551 -5,-2.17495 3.76628 -4.88818,-1.67459 3.7156 -5,-1.46462 3.6888 -5,-1.09024 3.50704 -5,-1.75722 3.59062 -4.6356,-1.31312 3.78345 -5,-1.57666 3.60573 -4.86061,-1.61175 3.66416 -4.52386,-1.75458 3.62381 -5,-1.69444 3.61003 -5,-1.84826 3.60783 -5,-1.29037 3.65437 -5,-1.52465 3.59124 -5,-1.2339 3.63407 -5,-1.9003 3.77512 -4.91475,-1.4406 3.85956 -5,-2.16773 3.39429 -5,-1.97009 3.29797 -5,-1.77303 4.40491 -5,-2.23536 4.44867 -4.59067,-2.08136 3.82833 -5,-1.58999 3.56786 -4.9391,-1.35736 3.55755 -4.3937,-1.80223 3.79843 -4.82273,-1.68629 3.41609 -5,-1.19081 3.37011 -5,-1.80293 4.09812 -5,-1.21153 3.79414 -5,-1.46704 3.94297 -5,-1.56744 3.56648 -5,-1.77602 3.41416 -4.79102,-1.7424 4.01728 -5,-1.48292 3.77473 -5,-1.44469 3.57464 -4.70424,-1.2565 3.48426 -4.95533,-2.15747 3.98416 -5,-1.28073 3.69081 -5,-1.51418 3.92375 -5,-1.66468 3.14187 -5,-1.34376 3.52571 -4.86521,-1.10447 3.31917 -5,-1.93115 3.85115 -5,-1.99133 3.64405 -5,-1.89643 3.60828 -4.75841,-1.76934 3.49842 -5,-1.78437 3.63085 -5,-1.75309 3.70266 -5,-2.02951 3.83365 -5,-1.6655 3.96439 -5,-2.09644 3.91511 -5,-1.42433 3.50578 -5,-1.38608 3.60762 -5,-0.783624 3.79179 -4.82372,-1.65725 3.39515 -4.82134,-2.38524 4.2033 -4.95577,-2.01738 4.03847 -4.79508,-2.27194 3.76971 -4.4531,-2.03837 3.32846 -5,-1.47061 3.64793 -5,-1.31179 3.51323 -5,-1.67719 3.59819 -4.93197,-1.43926 4.02026 -4.85233,-1.75491 4.20895 -5,-1.85446 4.38684 -5,-1.90448 4.25277 -4.71916,-1.82842 3.49531 -4.68994,-1.68565 4.12168 -4.68036,-1.59875 3.35364 -5,-1.63323 3.43355 -5,-1.99161 3.07527 -5,-1.86108 3.70882 -4.85743,-2.28481 4.05054 -5,-1.66272 4.45069 -5,-1.9991 4.52373 -5,-1.92205 4.60485 -5,-1.28712 4.09975 -5,-1.57099 3.60155 -5,-1.87556 4.54097 -5,-1.73445 3.32288 -4.95708,-2.52559 3.79141 -5,-1.46815 4.00895 -5,-1.33959 3.62745 -4.53532,-1.54817 3.59091 -5,-1.80478 3.62628 -4.69859,-1.39653 3.96483 -4.79152,-1.97953 3.63953 -5,-1.53743 3.59148 -5,-1.44575 3.47499 -5,-1.56073 3.97122 -5,-1.12774 3.53967 -5,-1.23665 3.67969 -5,-1.45909 3.47425 -5,-1.45464 3.84004 -5,-1.15082 4.0776 -5,-1.71227 3.41766 -4.97909,-1.4551 3.56468 -4.8019,-1.67967 3.4176 -5,-1.52942 3.42286 -5,-1.94171 3.36662 -5,-2.4848 3.88747 -4.70909,-1.04673 4.25482 -4.79752,-1.77925 4.00122 -5,-1.17966 4.17571 -5,-1.86608 3.81636 -5,-1.98596 3.01931 -5,-1.80309 3.82922 -4.86323,-1.76556 3.59773 -4.86042,-2.21912 3.86814 -4.62887,-1.69453 3.28028 -5,-1.08775 3.98203 -4.56115,-1.74333 3.76679 -5,-1.49453 3.73679 -5,-1.74496 3.71093 -5,-1.90519 3.69278 -5,-1.5374 3.47025 -5,-1.12078 3.34393 -5,-1.38288 4.01567 -5,-2.00499 4.80493 -4.75716,-1.96625 4.64437 -5,-2.02785 3.94113 -5,-1.24667 3.95072 -5,-1.71743 3.44534 -5,-2.03739 3.52239 -5,-2.07769 2.88341 -5,-1.5379 3.22693 -5,-1.78979 3.39457 -5,-1.75547 3.36031 -5,-1.91773 3.80221 -4.97366,-1.47196 3.65411 -5,-1.62 4.04327 -5,-1.91276 4.01069 -5,-1.36791 3.57458 -5,-1.65776 4.0843 -4.73205,-1.76514 4.06572 -4.80365,-1.5331 3.74128 -4.56481,-1.58895 3.78084 -5,-2.24586 3.44228 -5,-1.69057 3.52902 -5,-1.84531 3.72741 -5,-1.76003 3.44311 -5,-1.5687 3.81623 -5,-1.1626 3.54971 -4.96076,-1.74841 3.75436 -5,-1.54974 3.93473 -5,-2.32287 3.49081 -4.6669,-1.50349 3.76268 -5,-1.61297 3.74426 -5,-1.81734 3.8583 -4.87036,-2.04919 3.83422 -5,-2.19595 4.27673 -5,-2.37203 4.10811 -5,-1.3543 3.88342 -5,-1.17442 4.12996 -4.85346,-1.5887 3.58004 -4.84171,-1.45627 4.08509 -5,-1.18502 4.12752 -4.93719,-1.53944 3.92383 -5,-2.19214 4.11335 -5,-1.81825 4.1578 -5,-1.3626 3.43571 -5,-1.51169 3.18694 -5,-1.98594 3.92181 -5,-1.91913 4.00043 -5,-2.29856 3.91709 -5,-1.3868 3.06624 -4.84646,-1.47859 3.8265 -5,-1.40567 3.88028 -5,-2.01689 3.50537 -5,-1.58885 4.17119 -4.81005,-2.46894 4.00839 -5,-1.57979 4.10522 -4.70901,-1.59756 3.28422 -5,-1.71306 4.25825 -4.67602,-1.66747 4.24952 -4.51962,-1.59673 3.92752 -5,-1.56309 3.51839 -5,-1.48673 3.95391 -4.87942,-1.43917 3.53966 -5,-1.60062 3.65216 -5,-1.47308 3.4532 -5,-1.35048 4.12491 -5,-1.20389 3.82974 -4.81685,-1.26939 3.79831 -5,-1.85602 3.69186 -4.958,-1.20292 3.76632 -5,-1.50036 3.62949 -5,-1.94061 3.82341 -5,-1.45102 3.65549 -4.56491,-1.55472 3.66321 -5,-1.37338 4.42496 -4.95929,-1.18364 3.73391 -4.57019,-1.80867 3.30837 -5,-1.02076 4.10709 -5,-1.4896 3.58555 -5,-2.22457 4.02769 -5,-1.90246 4.07136 -5,-2.32119 4.27673 -5,-1.15687 3.40395 -5,-1.88327 3.00638 -5,-1.39417 3.89911 -5,-2.09245 3.49473 -4.32833,-1.71122 3.74108 -4.96724,-1.37071 4.80079 -5,-1.74498 4.03048 -5,-1.59474 3.67541 -5,-1.58181 3.33182 -5,-1.4144 3.45084 -5,-1.66167 4.08325 -5,-1.87026 3.80116 -5,-2.32063 4.16999 -5,-1.59095 3.8894 -5,-2.08629 3.80527 -4.95067,-1.27255 3.65606 -5,-1.27822 3.63993 -5,-2.22931 3.99869 -5,-1.81972 3.87803 -4.62546,-1.44395 3.58376 -5,-1.93908 3.91011 -5,-2.50801 3.55021 -5,-1.63435 3.42983 -5,-2.10074 4.04955 -4.83209,-1.77706 3.90123 -5,-2.05676 3.89564 -5,-1.86745 3.79089 -4.85754,-1.63164 3.70743 -4.94313,-1.41802 4.13932 -5,-1.88035 3.57776 -5,-1.19159 3.94556 -4.50773,-1.38262 2.98523 -5,-1.17185 3.82624 -5,-1.19324 4.39225 -5,-1.44595 4.14156 -5,-1.38204 3.85014 -5,-1.73888 4.19612 -5,-1.60941 3.69944 -5,-1.36916 3.35818 -5,-1.616 3.55138 -5,-1.19986 3.2534 -5,-1.61268 3.37539 -4.83419,-1.85461 3.31495 -5,-1.26163 3.59507 -5,-1.9755 4.07759 -5,-2.18195 4.02932 -5,-1.70678 3.47375 -5,-1.76505 3.31335 -5,-1.82991 3.41491 -4.86622,-1.65903 3.51785 -5,-1.43196 3.57204 -5,-2.00626 4.53052 -5,-2.11742 3.83284 -4.75129,-0.949735 4.14121 -5,-1.4865 4.29551 -4.4257,-1.24497 3.70278 -4.5708,-1.37957 3.9005 -4.75815,-1.71272 3.57581 -4.5686,-1.82101 3.21336 -5,-1.70238 3.39529 -5,-1.86808 3.85101 -4.72662,-1.91591 3.78813 -4.74113,-1.19107 3.89111 -5,-1.3761 3.75194 -5,-1.87836 3.70876 -4.60049,-1.73701 3.18734 -4.69513,-1.97839 3.68903 -5,-1.1927 4.08569 -5,-1.59751 3.75666 -4.99106,-1.96572 3.42662 -4.4266,-1.1723 3.96958 -4.88012,-1.28747 4.60663 -4.80332,-2.02856 3.84325 -5,-1.79733 4.11869 -5,-1.61949 3.41409 -5,-1.48822 3.64159 -5,-2.12864 3.99359 -5,-1.44953 4.12198 -5,-1.68271 3.70667 -5,-1.57444 3.46954 -5,-1.27764 4.17386 -5,-2.37712 4.4542 -4.97076,-2.2486 4.47419 -5,-1.36268 3.69866 -5,-1.86214 3.44985 -4.75777,-1.96879 3.72629 -4.90824,-1.77249 4.08096 -4.58832,-1.40483 3.0263 -5,-2.24275 3.45046 -5,-1.39478 3.44 -5,-1.95588 3.487 -5,-1.52699 3.72862 -5,-1.56535 3.6133 -5,-1.88471 3.42594 -5,-1.82097 3.60774 -5,-1.39728 3.8113 -5,-1.17624 3.79642 -4.85455,-2.35686 3.62475 -5,-2.07658 4.2187 -5,-1.13712 4.06488 -5,-1.33752 3.93174 -5,-1.96033 3.81998 -5,-1.69672 3.5389 -5,-1.23534 3.88356 -4.81986,-1.42332 3.82167 -5,-1.11018 3.49677 -5,-1.65842 3.9693 -5,-2.1565 4.05142 -5,-1.35947 4.56455 -4.86383,-1.8025 3.51577 -5,-2.36033 3.41343 -5,-2.14943 3.2133 -4.86876,-1.98279 3.875 -5,-1.27023 4.09111 -5,-1.45793 3.47106 -4.64167,-1.6111 4.04265 -5,-1.85197 3.97662 -5,-1.33651 3.77687 -5,-1.3952 3.754 -5,-1.98457 3.9628 -5,-1.35885 3.64328 -5,-1.79444 3.73748 -4.94025,-1.48952 3.82562 -4.69819,-2.32478 3.42131 -5,-1.92761 4.44289 -5,-1.60155 3.54591 -4.7106,-1.859 3.27931 -4.91663,-1.24243 3.49125 -5,-2.22512 3.86082 -4.40565,-2.1331 4.25677 -5,-1.6022 4.01677 -4.99739,-1.77283 4.19611 -5,-1.80668 3.53836 -5,-1.88663 3.75862 -5,-1.62228 3.84124 -5,-1.54261 3.42036 -5,-1.88464 3.6023 -5,-2.12414 4.15584 -5,-1.39946 3.77461 -5,-1.45701 3.50822 -4.9053,-1.46588 3.43791 -5,-2.06171 4.42861 -5,-1.87672 3.63044 -4.6342,-2.21134 4.31117 -4.79767,-1.78278 4.27342 -4.74751,-1.81998 4.11736 -4.69915,-1.84176 3.47353 -5,-1.18508 3.69449 -5,-1.58462 3.53971 -5,-1.43444 3.57385 -4.80399,-1.38747 3.64938 -5,-1.59874 3.7335 -5,-1.22167 3.75161 -4.7642,-1.51636 3.94547 -5,-2.09771 3.62548 -5,-1.49581 4.38899 -5,-2.27205 4.33057 -5,-2.17519 4.34889 -5,-1.57538 4.21594 -5,-1.4057 3.96348 -5,-1.5521 3.50965 -5,-1.65865 3.29468 -5,-1.52319 3.80613 -5,-1.42326 3.96827 -5,-1.62853 3.56494 -5,-1.64808 4.07321 -5,-1.54125 3.57513 -5,-1.74016 3.89005 -4.31809,-1.22484 3.33459 -5,-1.82362 3.78731 -5,-1.89774 3.5771 -5,-1.43297 4.01763 -4.87069,-2.2012 4.1602 -5,-2.38652 4.15692 -5,-1.12165 3.53745 -5,-1.21779 4.19896 -5,-1.57359 3.50218 -5,-1.50008 4.08774 -5,-2.28214 3.57763 -5,-1.41279 4.01061 -5,-1.46574 4.03925 -4.74593,-1.48088 3.69402 -5,-1.92718 3.61574 -5,-1.83915 3.57007 -5,-1.91256 3.94174 -5,-1.55854 3.85625 -5,-2.01571 4.06522 -5,-2.10315 3.77371 -5,-1.70091 4.26969 -5,-1.91321 3.69005 -5,-2.10819 3.79107 -5,-2.22888 3.4967 -5,-2.42423 3.86163 -5,-2.18646 4.1969 -4.99267,-1.71649 3.9684 -5,-1.81401 4.13214 -5,-1.38995 3.68348 -4.76163,-1.7452 3.73391 -5,-1.62182 3.74979 -4.58731,-1.8645 3.72367 -5,-1.79599 3.56613 -4.63994,-1.69099 3.90983 -4.54698,-1.52203 4.08086 -5,-1.47224 3.93085 -5,-1.71975 4.1222 -5,-1.7317 3.6869 -5,-2.04431 3.71378 -5,-2.02569 4.0009 -5,-1.49835 4.45729 -4.59984,-1.34745 4.16408 -4.28571,-1.7754 3.97928 -5,-1.61716 3.92624 -5,-1.67068 4.10458 -5,-1.16947 4.2847 -5,-1.90363 3.64541 -4.93385,-1.67817 3.24751 -5,-1.64971 3.79066 -5,-1.83831 3.19506 -5,-1.55309 3.90113 -5,-1.03329 3.36229 -5,-1.36642 3.58451 -5,-1.64337 3.28121 -5,-1.99394 3.52195 -5,-1.8556 3.47732 -4.79063,-1.23028 4.3403 -5,-1.65895 3.6025 -5,-1.12483 3.54108 -4.9936,-1.95101 3.64318 -4.93549,-1.3155 4.10198 -5,-1.22826 3.83128 -5,-1.93229 4.01928 -4.82975,-1.56794 3.85408 -4.70941,-1.3764 3.30054 -4.79853,-1.32776 3.37916 -5,-1.73574 3.8073 -5,-1.28955 4.06941 -5,-1.94195 3.7386 -4.90188,-1.45455 3.59756 -5,-1.82996 3.48995 -5,-1.57325 3.78767 -5,-1.24194 3.66513 -5,-2.30047 4.33477 -5,-1.86572 4.18875 -5,-1.56294 4.37753 -4.85394,-1.45977 3.85778 -5,-1.94823 3.81724 -5,-1.50938 3.51316 -5,-1.82393 4.07402 -5,-2.10983 3.61626 -4.80754,-1.7698 3.55491 -5,-1.61898 4.38414 -5,-1.84021 3.25491 -4.75343,-1.64445 4.13122 -4.9889,-1.60509 4.50104 -5,-2.502 4.01777 -5,-1.47504 3.9893 -5,-1.50268 3.6642 -5,-1.54299 3.65145 -5,-2.56382 3.86613 -5,-1.88325 3.94153 -5,-1.90647 3.6849 -5,-1.26993 3.35832 -4.87124,-1.62243 4.22357 -5,-1.73715 3.92902 -5,-1.75564 3.92226 -4.67783,-1.58893 3.70539 -4.56545,-2.0029 3.97641 -5,-2.29562 3.54592 -5,-1.61295 3.84573 -5,-1.53369 3.46387 -4.80077,-1.3309 3.79332 -5,-1.44531 3.70922 -4.70689,-1.90097 3.83821 -5,-1.75669 4.13318 -5,-2.16476 3.9315 -5,-1.66605 4.0974 -5,-1.20348 3.53831 -4.96002,-2.11738 4.32249 -5,-1.80581 3.67769 -5,-2.22076 4.44552 -4.92457,-1.54201 4.18049 -5,-1.43007 4.68771 -5,-1.54575 4.2231 -5,-1.27837 4.08521 -5,-1.83333 3.37308 -5,-1.72902 3.66603 -4.76679,-1.85694 3.35524 -4.85479,-1.16315 3.66241 -5,-1.80038 3.83009 -5,-2.18562 4.05111 -5,-1.59333 3.16593 -5,-1.6568 3.47296 -5,-1.56636 3.53586 -5,-1.76832 3.73083 -4.65939,-2.21034 4.02902 -5,-1.342 3.73477 -4.62241,-1.41127 4.68617 -4.51266